6.207641,11.304167
6.2022276,11.329204
6.206119,11.333794
6.1884317,11.33324
6.154165,11.33362
6.136796,11.321219
5.986927,11.335909
5.969976,11.30297
5.973166,11.307282
5.9730234,11.272108
5.974095,11.272841
5.9702206,11.266779
5.9694166,11.267991
5.9713674,11.267034
6.147469,11.539029
6.4548764,11.9566555
6.781749,13.878629
6.8882804,13.883254
6.9668236,13.9122
6.9959836,13.9089365
7.010238,13.918281
7.017237,13.909612
7.0164657,13.935783
7.0639057,13.909795
7.109652,13.9456835
7.009551,13.901739
6.957835,13.90027
6.955608,13.885159
6.93716,13.884183
6.6126842,11.720199
6.4403048,11.693805
6.2874446,9.873531
6.2757535,9.861012
6.239323,9.832093
6.2440753,9.832505
6.24469,9.825278
6.2385464,9.830105
6.218155,9.810786
6.3810663,10.098026
6.623261,11.551417
6.9609923,15.980356
7.3513064,16.012697
7.381464,16.143356
7.398545,16.147837
7.4157405,16.182272
7.428776,16.09689
7.4083605,16.09568
7.393769,15.863479
7.3769436,15.885642
7.3758965,15.871793
7.3869715,15.872506
7.405029,15.875678
7.382289,16.066206
7.478011,16.073778
7.4149303,16.35833
7.4485135,16.167341
7.4418826,16.229828
7.40208,16.151264
7.3667245,16.142067
7.3572044,16.123142
7.3475733,16.122032
7.369856,16.11948
7.540726,16.16838
7.6040735,16.157743
7.648813,16.202322
7.648655,16.038456
7.640122,16.073057
7.6287785,16.074396
7.6534176,16.121475
7.6637235,16.059021
7.687503,16.082373
7.686644,16.072512
7.6706996,16.0815
7.319074,15.68068
6.931417,15.488843
0.77075887,0.46163386
0.65691817,0.43672663
0.6437011,0.4333618
0.5579335,0.39402366
0.5253179,0.39317203
0.4760671,0.38160712
0.46243846,0.36392364
0.38665938,0.35979423
0.38981253,0.35989928
0.3889586,0.35365245
0.3826091,0.35157773
0.33304125,0.3091856
0.35345298,0.30290788
0.27598828,0.18529978
0.2916222,0.18125325
0.537315,0.16018014
1.2576923,3.4672277
4.340568,3.5287275
5.946231,4.2222323
5.939998,4.1039844
5.9325485,4.1048174
5.923443,4.10257
5.918189,4.1072187
5.9271493,4.100824
5.927375,4.1715193
5.953741,4.176552
5.951645,4.256312
5.946125,4.256207
5.9968367,4.437222
6.5918245,4.5855727
6.964719,4.620882
6.9311137,4.621441
6.9088845,4.652354
6.9261303,4.6513295
6.686722,4.670012
5.977799,1.3659519
2.910486,1.2903885
1.2601118,0.5897031
1.2399652,0.5930492
1.2349638,0.59319097
1.2370601,0.60509187
1.2371217,0.60169345
1.258535,0.6355421
1.7944775,0.6493084
2.1481042,1.8363569
2.1789076,1.7596589
2.1857095,1.7776836
2.1422493,1.5967839
1.5919843,1.4879105
1.2471144,1.4537549
1.2611583,1.5014632
1.2664272,1.4711572
1.2556037,1.7421739
1.2461252,1.7268921
1.2269089,1.9992733
1.2481471,2.000689
1.2616835,2.0637004
1.2645657,2.0603545
1.2858285,2.1218565
1.3022032,2.1180878
1.3220409,2.1959927
1.3034072,2.1858885
0.7655687,2.1552157
0.3760598,0.962284
0.38562068,1.6859071
0.43359146,1.6679776
0.5702454,2.2020698
0.53550243,2.166058
0.60367405,3.2057238
1.6597127,3.3028085
2.272207,3.8485508
2.4281704,3.5958471
2.511481,3.6321435
2.5097284,3.3575244
2.4791439,3.3948753
0.21323054,0.076725654
0.22284892,0.066122636
0.20035574,0.07046046
0.19316049,0.06409997
0.19615903,0.06510444
0.20002718,0.05967749
0.19998102,0.057649042
0.19961923,0.03318772
0.19985846,0.038150605
0.1997238,0.03614221
0.19574313,0.037108094
0.1784936,0.036112204
0.17790785,0.03641493
0.18058534,0.033539344
0.17510763,0.033654824
0.1734639,0.033156097
0.16235651,0.039755125
0.16675526,0.034865525
0.18038805,0.036519818
0.1819016,0.0214365
0.17446856,0.038740467
0.14278981,0.034402534
0.13850132,0.03457907
0.13895601,0.03217625
0.13992412,0.034880847
0.13853613,0.034789737
3.3210258,3.8054113
4.9548388,10.308637
5.1301823,58.358364
5.49666,58.532703
5.5952806,59.006363
5.6277595,59.007046
5.655911,59.050144
5.669526,59.055397
5.6736665,59.059856
5.691601,59.053257
5.69157,59.060726
5.7254534,59.059074
5.757789,59.094868
5.8016963,59.077644
5.83363,59.09118
5.894893,59.091007
5.9505873,59.126442
5.962346,59.123737
5.975206,59.124428
2.812456,55.353806
1.2320248,48.850746
1.1466779,0.80108154
0.792876,0.63080746
0.6964097,0.1571482
0.65963393,0.17808469
0.62715864,0.13916418
0.63036317,0.13749413
0.63536924,0.13365543
0.6301938,0.13511468
0.6512318,0.12764785
0.6779147,0.15049802
0.6887338,0.11547103
0.66572,0.12921701
0.6736951,0.12676354
0.8801597,36.78223
0.9156864,36.88753
0.9817509,36.923904
0.9686444,36.92321
0.948952,36.931206
0.8913035,36.926075
0.7970529,36.930374
0.7814903,36.925343
0.78364086,36.945343
0.7911316,36.923424
0.8034457,36.928066
0.7998477,36.92626
0.7862888,36.927013
0.7807369,36.925552
0.75848055,36.932205
0.68107146,36.90935
0.6250536,36.91182
0.59197587,36.89799
0.6095821,37.495102
0.6726992,0.9096538
3.039112,1.1869049
4.3819733,1.1753523
5.234289,2.0253386
5.809564,2.5104694
6.1610894,4.102971
6.185037,4.0995393
6.187921,4.1291323
6.1888657,4.1097
6.1835556,4.152546
6.1718307,4.143728
6.1773853,4.1621833
6.193369,4.1609797
0.09052179,0.04902323
0.09738216,0.044992417
0.107662685,0.04668969
0.10328399,0.04004532
0.099448845,0.0435929
0.11289587,0.033426438
0.13236868,0.04524781
0.11867816,0.04001874
0.113741204,0.07386474
0.28470194,0.07290704
0.4581312,0.28127882
0.46588716,0.27942902
0.46904296,0.3453313
0.46410444,0.33613163
0.4613581,0.36131686
0.47496903,0.357987
0.50744087,0.39100912
0.5107294,0.38903618
0.5170221,0.3994489
0.5249073,0.39894834
0.51429117,0.3991797
0.54232275,0.39748263
0.5613651,0.41006485
0.57094634,0.40651748
1.0504116,0.86356324
1.8766699,1.7901797
3.0876741,4.6886415
3.635967,4.776782
3.9517894,13.754812
3.9945734,13.605224
4.796716,29.46544
5.2962866,29.476366
17.260567,239.66801
27.892687,242.17497
35.208134,385.71945
36.300713,385.68442
37.34731,389.19702
37.5658,389.18787
38.09422,389.60727
38.12548,389.6076
38.262676,389.7997
39.001236,389.78738
39.001236,389.79132
39.911594,389.33438
38.877693,389.47458
38.045002,386.58286
37.70133,389.09238
37.23373,380.11496
37.0331,380.05768
36.230507,364.19745
35.74065,364.1568
23.794401,153.96513
13.177456,151.45624
5.886438,7.91175
5.886438,7.912326
4.7901354,4.4292316
3.5174408,4.430631
2.9813304,4.011241
2.9510598,4.015158
2.7843049,3.8230424
2.7843049,3.8339016
2.0428312,3.8299637
1.1241343,3.8299048
1.0986788,2.7580566
0.43547025,2.7560852
0.24852376,0.12454502
0.24852376,0.12612143
0.22989413,0.12463543
0.21115664,0.14813785
0.19985768,0.11067998
0.37061283,1.0732756
0.36369032,1.0495651
0.39003006,1.1571332
0.36591238,1.1560881
0.51911485,1.9292662
0.561888,2.0378013
0.70391107,2.19404
0.7175429,2.2028537
0.7328801,2.2709212
0.73016423,2.2686799
0.7368603,2.4326541
0.737057,2.4467454
0.76656634,2.4441824
0.7840048,2.4480972
0.7963003,2.4985626
0.8046043,2.5003421
0.9969615,2.6506221
1.1358558,2.7423213
1.4463357,3.558795
1.4003626,2.598027
1.419878,2.5980918
2.234445,3.0025547
5.306887,4.2300954
5.7240734,3.4844038
5.764447,3.5104334
5.708549,3.4038625
5.754732,3.602171
5.74888,3.586345
5.7841344,3.6992073
5.7919073,3.535233
5.7911544,3.525596
5.767229,3.521388
5.781301,3.6540687
5.9468427,3.680362
6.0171204,3.882054
5.893404,3.7420974
5.7700434,3.849724
5.4651227,3.0634649
5.343546,3.16672
5.3155255,3.1696775
4.4353456,2.6629262
1.3799505,1.4413288
0.8711611,1.4164648
0.80131316,1.2792463
0.7313579,1.2318606
0.6711303,1.0202518
1.0914001,18.668943
1.2806157,18.560625
1.554139,19.169638
1.5967209,19.182777
1.6600641,19.720284
1.6226779,19.584589
1.4395528,19.556686
7.3373203,10.656564
8.202671,10.767772
10.588098,15.77285
10.515615,15.168881
8.263665,15.080145
6.3336544,15.009618
6.2902155,15.007999
6.1117573,14.939595
5.8149476,14.907042
5.567963,14.644157
5.3866835,14.663368
5.3412814,14.48493
5.334259,14.478605
5.286165,14.4704275
5.2838116,14.468231
5.2787633,14.461609
5.2762456,14.4688
5.2539554,14.384529
5.2753263,14.408656
3.7872021,5.3749795
2.916023,5.181878
0.5312623,0.17811964
0.29730144,0.17693523
0.27279243,0.104627565
0.25119078,0.1147598
0.25811973,0.105494924
0.26133326,0.118479
0.2933278,0.10508058
0.3073283,0.12465879
0.31862527,0.0999443
0.31669733,0.104923636
0.31826597,0.0953127
0.33105296,0.10945432
0.39531246,0.108057186
0.44658783,0.10929615
0.46713817,0.10061366
0.4516001,0.10631234
0.4100897,0.08218444
0.4042631,0.086386345
0.40591753,0.080201626
0.41340265,0.089684054
0.41050407,0.086767904
0.3938178,0.100166716
0.39903468,0.08842375
0.4038425,0.09541517
0.3975529,0.08243107
0.34551594,0.08331593
0.32919908,0.062345996
0.31624234,0.069411136
0.33829367,0.06443227
0.33663705,0.081233695
0.32053202,0.06709197
0.25628704,0.077435076
0.20666613,0.076196134
0.18836245,0.08851387
0.18557306,0.08281433
0.20086375,0.08293367
0.21311066,0.07873201
0.21445777,0.079627
0.20943329,0.06882553
0.21559548,0.079597495
0.2122979,0.06619836
0.18809895,0.068214186
0.18085343,0.061223038
0.4345277,1.3470446
0.78892577,1.4738761
1.1330013,1.5309527
1.2277275,1.5722865
1.2642057,1.6060723
1.2801912,1.5916173
1.2908679,1.6231563
1.2927287,1.6128541
1.2988023,1.7146046
1.3723458,1.7859604
1.3790388,3.3097858
4.250659,3.3484185
14.115876,5.6345515
16.308796,5.8165946
17.011673,8.542218
17.125973,8.610532
17.325804,14.721711
17.729492,14.772168
19.065105,19.575533
18.939714,18.335691
18.764599,18.580996
18.427488,18.550102
18.659868,19.135838
18.703325,19.105026
18.981361,19.522442
20.091314,19.58049
20.566908,19.787695
20.580118,19.794989
20.520365,19.714403
21.010735,18.333994
18.964542,18.609715
9.128131,16.355927
6.940371,16.289143
6.296719,13.566401
6.2662454,13.495241
6.082332,7.386525
7.1665826,8.170771
6.7514153,3.4235873
7.1640725,4.3497167
7.0398827,4.046296
8.146306,4.3172565
8.919753,3.8824227
8.829146,4.167624
8.523537,3.785168
7.457173,9.278448
7.0648303,9.077883
7.108945,9.0116825
7.101178,9.019751
6.6222215,9.244566
5.8980927,9.096939
6.250741,9.0804615
6.3427215,8.998279
6.668358,12.132348
6.6205363,12.149692
6.783819,13.184363
5.397108,12.356814
4.624245,13.704231
4.7142477,13.209928
5.527425,41.993515
4.9146376,41.952244
7.173836,52.69696
7.448629,52.49046
7.6413736,54.583298
7.6408114,49.07466
7.807809,50.26023
7.779154,50.439236
7.9420414,53.907795
8.008675,53.55656
7.9652205,55.922882
8.124301,56.01358
10.568492,66.60603
12.184093,63.49857
18.134407,65.45816
19.042097,64.74478
19.766273,65.299706
21.015003,64.32983
22.011131,70.519646
22.65829,41.846695
33.215816,97.47991
30.358406,88.307045
52.131824,99.82259
69.47089,98.92893
88.89066,106.42095
99.3892,111.987785
119.78281,195.24446
122.119225,192.09093
126.32509,202.95747
126.52716,200.42703
126.15718,200.55997
123.63376,190.05795
123.47864,190.03806
120.82834,190.20924
121.0893,194.98686
120.57421,194.4323
139.99168,222.05605
149.68622,217.9272
157.99214,227.36115
150.53023,171.67088
152.10211,170.45813
130.2556,158.95123
113.78678,171.90326
95.041626,164.34036
85.68259,204.1597
75.41546,126.988014
73.9775,134.72221
73.92378,124.42682
76.770256,134.99332
79.751076,135.41507
81.033966,157.68883
79.19713,157.70828
77.10031,158.94653
76.57192,154.33131
76.56005,160.5416
55.92084,132.58377
44.975357,131.26538
35.625065,121.74585
32.16198,121.82768
30.298628,121.28742
30.665186,165.79758
30.038368,151.71437
29.608963,154.3305
28.542412,107.77729
18.613512,101.719475
17.705448,93.6793
13.651174,93.29987
10.655487,82.91461
11.5508,90.10936
21.381477,68.9095
27.231365,75.43077
26.463343,72.363655
25.875126,71.96964
25.759077,66.25303
25.869709,66.20818
25.605864,64.988075
25.317549,65.14359
25.229729,64.868095
25.306149,65.746666
24.754795,21.184235
24.345009,21.126532
24.045956,18.507046
23.713919,18.505985
23.495323,18.262486
23.344389,18.678066
23.185074,18.474144
23.067822,18.327063
19.018278,10.471064
7.9162726,9.977959
2.0657947,3.4553378
1.7813666,3.1768427
1.7696633,3.0847285
1.6052545,2.6139505
1.3110617,2.5591755
1.2102785,2.7019548
1.0271611,2.4517763
0.9764002,2.510357
0.7362598,1.6331679
0.84778106,1.6628805
0.8851208,1.6166149
0.9962045,4.9539146
1.2346762,5.674081
1.6908623,5.9651437
2.5142603,6.392293
2.5406117,10.199354
3.8652737,10.29207
4.6761475,11.279867
4.70713,10.637655
6.2055383,10.719859
7.259001,10.686548
7.0940466,11.241799
7.427717,11.224773
7.4226155,11.282969
7.4137383,11.143967
7.413218,11.162043
7.442141,11.098314
7.4230766,11.079776
7.3036246,11.01202
7.2464404,11.012034
7.140053,7.674737
6.9055843,6.9372277
6.43601,6.6406384
5.605964,5.777884
5.55193,1.9660311
4.2252545,1.8493396
3.4099934,0.86154175
3.3491147,1.6995764
1.8568659,1.5921204
0.61359966,1.5788107
0.56238574,1.0235591
0.21500401,1.0101284
0.28799495,1.0124826
0.37080708,1.1018087
0.44443113,1.0899793
0.5373133,1.2315044
0.5041508,1.2305247
0.48290452,1.2355788
0.48593932,1.2342119
0.47709507,1.2545775
0.47624448,1.2477672
0.47550127,1.25811
0.47149163,1.2593311
0.5774832,1.5832552
0.9177882,1.5807287
1.1088052,1.664807
1.2755619,0.77728987
1.4107533,2.379426
1.5309386,2.3891864
2.647127,2.9899135
3.0945609,3.0373516
3.555131,4.0297403
4.3376307,3.9375825
6.2622857,4.579282
6.232074,4.4611616
6.535737,5.086446
6.5867476,5.081392
6.6217494,5.115308
7.0160785,5.222609
7.332341,5.3729477
7.3832283,5.382092
7.4547677,5.468695
7.3893337,5.144771
7.1507254,5.370459
7.173428,5.2938504
7.0782065,10.162393
7.9187603,9.075545
9.484612,10.755777
8.383425,10.155607
8.128963,10.498563
9.556424,9.920609
9.050631,10.149942
7.3498373,9.516339
7.2903786,11.865278
7.045829,11.366072
7.0798645,11.526485
7.068751,11.49257
7.839222,11.464155
7.873689,11.323417
8.143008,11.376388
8.165744,11.308386
8.214657,11.31888
8.198984,11.083807
7.9796023,11.183803
7.8985343,6.3021092
6.960687,5.8112054
5.312176,4.126235
5.5641775,8.108373
5.622851,7.726454
4.1470933,11.31094
3.8205051,11.096417
3.6956286,11.39959
3.698015,9.034184
3.75963,10.992061
3.9164157,11.3354645
4.0035725,12.5460615
2.8440297,12.45597
2.6527863,12.5727215
2.4529593,12.561016
2.4170063,14.098148
2.3410313,14.306133
2.5077639,18.181126
3.1311183,18.12462
4.0301957,20.037031
4.132672,20.187649
4.164463,22.693665
3.9473176,18.720728
3.8240128,19.432863
3.4137363,15.379171
3.5098202,15.822808
3.3407502,15.508839
4.6414366,16.355188
5.9132686,19.793768
5.902111,26.178257
5.8025556,24.972126
5.818694,25.085419
5.705491,24.959068
11.675326,32.20066
41.823475,44.685345
54.107086,49.686436
53.856174,45.813725
53.242195,46.173866
52.463436,44.325245
52.381184,49.36039
52.919083,47.10281
53.986332,93.80134
60.277363,97.556526
64.70443,113.97305
65.85924,113.7633
67.333,114.48168
67.63802,113.72835
67.84068,111.541595
67.67881,104.66478
67.71531,104.68997
67.70696,104.57369
67.66449,104.63406
61.580524,97.33739
31.425308,83.36976
19.206432,78.15019
19.447557,78.178474
20.705141,78.009575
21.510435,78.584496
21.726637,73.386986
21.336462,74.90303
20.257591,28.247562
13.915749,25.016172
9.479762,8.593876
8.225001,8.403238
6.77923,7.6953077
5.188023,7.6308746
3.6515512,4.300114
6.377722,9.10963
10.938455,9.0849085
12.617414,13.809712
12.856511,13.780619
13.21739,15.08804
13.199572,15.026773
13.159154,15.530455
13.210149,15.562355
12.152547,15.975116
11.4213505,16.039562
12.285642,16.386951
12.659741,14.710265
12.719207,16.729633
12.652324,15.483585
12.664752,17.623552
14.138325,17.827885
17.20349,18.32088
17.736649,18.332293
19.30693,20.034586
16.9623,15.262245
13.421116,15.4729
12.482559,10.75133
12.940945,13.43659
13.610923,12.248696
14.000365,14.254943
14.098691,14.23825
14.628002,14.619762
17.56468,13.997366
19.825087,15.772233
19.564198,15.425266
20.494923,15.98396
22.071028,13.918984
22.45012,17.267204
22.85278,16.537563
21.550802,18.741463
18.45665,18.243225
17.889965,18.264917
16.259706,16.557606
15.811786,16.51336
14.737999,16.297768
13.988646,16.297548
13.283822,13.583622
12.246757,13.467701
11.827332,11.448504
11.695719,10.963567
10.871277,10.51859
7.737759,10.49326
5.304052,8.015255
4.427978,8.002627
2.905823,7.3490186
1.2296636,7.3452487
0.8402285,3.9966843
0.3558945,2.5967212
0.15166107,0.1309019
0.16670664,0.123031214
0.15562497,0.054411136
0.17038606,0.056881312
0.16670293,0.05245155
0.16321088,0.059676223
0.18692544,0.050491884
0.20388262,0.05582666
0.20398004,0.047231548
0.37889376,0.047401566
0.8099125,0.05780283
1.4574839,0.5874442
3.413983,0.639997
6.270522,1.4580117
6.29082,1.4593407
6.440482,1.5056465
6.767655,1.5308243
6.7721224,1.6042019
6.778347,1.5964358
6.9609547,1.9173731
7.0936537,2.0380924
7.1241417,2.0399618
7.1678357,2.0471735
7.2373724,2.649475
7.311071,2.6989145
9.065087,9.186124
9.432227,9.369672
9.856014,11.431566
9.689297,11.432375
9.306937,12.608669
8.720835,12.788104
6.895848,12.964768
4.2908072,12.187793
4.3007817,12.25948
4.3955736,12.23383
4.277217,13.818807
4.506515,14.497801
4.721048,15.098706
4.7333617,15.51994
4.7440114,16.888672
4.7722263,16.94008
4.715999,17.588268
6.2761927,17.118399
7.709237,17.788101
5.990017,11.342018
5.6976094,11.251286
5.2808533,9.189712
5.272468,9.194437
5.2229004,8.005691
5.16406,7.2966347
5.020424,7.060177
4.770988,7.1679287
5.4105515,8.253347
5.6447263,9.038179
6.4138584,8.075993
7.3162503,7.718028
7.104874,7.1197653
6.911779,6.3761516
6.752163,4.8881464
6.696245,4.922793
6.729743,4.269146
5.1432076,4.1807017
3.6497293,3.4545603
3.606911,3.4145677
3.5159009,3.3185906
3.5115418,3.3324878
3.5156217,3.3267844
3.5140648,3.331066
3.5077438,3.3310463
3.5109663,3.3343735
3.5011208,3.1852214
2.8110871,2.0322306
2.3338764,1.2267424
1.3689717,0.5800395
0.24572003,0.1863387
0.23942411,0.18533073
0.24332063,0.18506603
0.24463809,0.20451154
0.24100192,0.12165348
0.20051415,0.117733575
0.23959003,0.104963854
0.39989498,0.18975993
0.41684794,0.19798635
0.477645,0.30438453
0.6356221,0.6233517
0.88523585,1.4420867
1.027426,1.4451095
1.3549685,6.2361503
2.020568,6.841429
2.5530195,9.488896
5.0313606,9.930718
5.5626974,10.185585
5.6211863,10.274472
5.952429,11.868501
6.0280128,11.865769
6.2530823,12.006345
6.2564993,11.984568
6.2926044,12.04676
6.4193106,12.18895
6.392273,12.182872
6.239119,12.098086
6.2228045,12.0956745
6.1611543,11.984485
6.0034933,11.653976
5.7621117,10.835241
0.75616205,27.502897
0.77301264,27.516905
0.7821893,27.516905
0.79116017,27.522242
0.7992731,27.522242
0.81257397,27.52936
0.8277239,27.52936
0.84148234,27.532948
0.8482845,27.532948
0.8637624,27.534174
0.874821,27.534174
0.88848037,27.554552
0.91244644,27.554552
0.9201339,27.563023
0.9230932,27.563023
0.9254307,27.566942
0.9301847,27.566942
0.9355435,27.574234
0.9519303,27.574234
0.96598643,27.585003
0.97084576,27.585003
0.983847,27.589602
0.9849706,27.589602
0.98616743,27.595085
0.989279,27.595085
0.99310875,27.605291
0.9943864,27.605291
0.99566746,27.606049
1.0204208,27.606049
1.047828,27.60818
1.0498974,27.60818
1.0514804,27.612179
1.0605305,27.612179
1.0664485,27.614328
1.0690207,27.614328
1.0750066,27.615927
1.0827843,27.615927
1.0945853,27.623857
1.1029329,27.623857
1.7191474,30.564783
3.200024,31.467503
3.6210954,31.467503
3.6210954,31.53774
3.8122153,31.53774
3.8122153,31.538078
4.676575,31.538078
4.676575,35.726505
4.8099294,35.726505
4.8099294,20.852612
6.6972466,20.852612
6.6972466,20.823694
11.733995,20.823694
11.733995,10.251963
12.692812,10.251963
12.692812,13.589254
12.91525,13.589254
12.91525,15.001744
14.923306,15.001744
14.923306,15.501639
15.128602,15.501639
15.128602,15.831981
15.713721,15.831981
15.713721,18.699741
15.767238,18.699741
15.767238,18.726624
15.844718,18.726624
15.844718,29.547203
15.944851,29.547203
15.944851,30.679264
16.79152,30.679264
16.79152,31.84256
17.120428,31.84256
17.120428,32.05909
17.898819,32.05909
17.898819,54.687206
47.00958,54.687206
47.00958,58.496555
68.610275,58.496555
68.610275,71.54351
70.96007,71.54351
70.96007,73.008865
73.088326,73.008865
73.088326,120.135864
73.22286,120.135864
73.22286,120.20888
97.41999,120.20888
97.41999,182.69356
108.88288,182.69356
108.88288,189.24883
112.141884,189.24883
112.141884,204.40863
112.304886,204.40863
112.304886,205.28658
112.74943,205.28658
112.74943,205.6198
113.586006,205.6198
113.586006,205.65921
113.740265,205.65921
113.740265,205.83794
113.80318,205.83794
113.80318,205.81961
113.86485,205.81961
113.86485,205.92963
114.04407,205.92963
114.04407,205.95966
114.07047,205.95966
114.07047,206.00665
114.08504,206.00665
114.08504,206.00432
114.11085,206.00432
114.11085,206.01706
114.13658,206.01706
114.13658,206.00977
114.152,206.00977
114.152,206.05855
114.16581,206.05855
114.16581,206.04778
114.191154,206.04778
114.191154,206.08531
114.214096,206.08531
114.214096,206.08072
114.260475,206.08072
114.260475,206.09251
114.26923,206.09251
114.26923,206.08702
114.268196,206.08702
114.268196,206.09908
114.26773,206.09908
114.26773,206.08887
114.27073,206.08887
114.27073,206.0959
114.27382,206.0959
114.27382,206.09515
114.25417,206.09515
114.25417,206.10635
114.2292,206.10635
114.2292,206.10498
114.22881,206.10498
114.22881,206.12216
114.240486,206.12216
114.240486,206.119
114.23858,206.119
114.23858,206.11903
114.27782,206.11903
114.27782,206.11766
114.27711,206.11766
114.27711,206.15018
114.28378,206.15018
114.28378,206.14903
114.28022,206.14903
114.28022,206.15442
114.28192,206.15442
114.28192,206.1465
114.294655,206.1465
114.294655,206.15045
113.68344,206.15045
113.68344,203.20952
112.20956,203.20952
112.20956,202.33194
111.79448,202.33194
111.79448,202.26158
111.608765,202.26158
111.608765,202.26271
110.70946,202.26271
110.70946,198.06352
110.57606,198.06352
110.57606,197.86977
108.64427,197.86977
108.64427,197.81468
103.367905,197.81468
103.367905,196.1338
102.21039,196.1338
102.21039,192.78244
101.97211,192.78244
101.97211,191.36731
99.97222,191.36731
99.97222,190.86742
99.76903,190.86742
99.76903,190.52559
99.17889,190.52559
99.17889,187.65782
99.15411,187.65782
99.15411,187.63931
99.082245,187.63931
99.082245,176.81873
98.98406,176.81873
98.98406,175.74
98.16979,175.74
98.16979,174.57898
97.84787,174.57898
97.84787,174.45566
97.05128,174.45566
97.05128,151.83194
67.94185,151.83194
67.94185,148.07982
46.325977,148.07982
46.325977,135.03285
43.96847,135.03285
43.96847,133.56941
41.834213,133.56941
41.834213,86.44688
41.692944,86.44688
41.692944,86.37752
17.494965,86.37752
17.494965,23.924372
6.0362015,23.924372
6.0362015,17.382149
2.7987645,17.382149
2.7987645,2.2236729
1.1988293,0.97003555
1.2026367,0.97375226
1.2084655,0.97375244
1.2151543,0.9752271
1.2169517,0.9752272
1.2198964,0.9830823
1.2404025,0.9830824
1.2448903,0.9870326
1.2525322,0.9870328
1.2584394,0.9883098
1.275298,0.98831
1.9132426,1.1940044
2.6834617,2.6296449
5.7635174,16.273146
7.747667,19.055193
10.520991,63.556343
11.219362,63.59824
11.621094,108.9105
11.839168,109.18263
12.067056,132.15367
12.104426,132.98814
12.996583,133.79973
13.162041,134.49158
13.990554,141.12283
14.417717,141.14386
14.525094,153.2376
14.602494,153.96014
15.274793,155.43669
17.165396,156.30574
18.077679,156.32713
18.149675,156.32768
18.241491,156.40492
18.254835,156.40808
18.320824,156.44572
18.36556,156.45152
18.389496,156.46632
18.406807,156.46944
18.413378,156.55121
18.42617,156.55333
18.448883,156.55695
18.513807,156.55695
18.287432,156.55695
18.287432,156.37929
17.854393,156.37929
17.854393,155.73792
18.869158,155.73792
18.869158,161.65494
19.219713,161.65494
19.219713,163.20592
20.569319,163.20592
20.569319,166.04414
20.577206,166.04414
20.577206,166.02351
20.550455,166.02351
20.550455,166.12688
20.546978,166.12688
20.546978,166.11671
20.543201,166.11671
20.543201,166.1618
20.506207,166.1618
20.506207,166.16711
20.507217,166.16711
20.507217,166.21027
20.507908,166.21027
20.507908,166.20203
20.523119,166.20203
20.523119,166.21626
20.535362,166.21626
20.535362,166.20834
20.529152,166.20834
20.529152,166.21895
20.533123,166.21895
20.533123,166.2125
20.549534,166.2125
20.549534,166.22546
20.557594,166.22546
20.557594,166.21301
20.631037,166.21301
20.631037,166.26096
20.695402,166.26096
20.695402,166.26512
20.72103,166.26512
20.72103,166.30153
20.718872,166.30153
20.718872,166.30005
20.735935,166.30005
20.735935,166.30536
20.739511,166.30536
20.739511,166.2975
20.734655,166.2975
20.734655,166.3039
20.768236,166.3039
20.768236,166.29996
20.806192,166.29996
20.806192,166.30775
20.811466,166.30775
20.811466,166.30647
20.875046,166.30647
20.875046,169.15483
21.399097,169.15483
21.399097,170.38992
21.520908,170.38992
21.520908,170.12874
18.46147,170.12874
18.46147,156.48602
16.7606,156.48602
16.7606,154.51155
14.109068,154.51155
14.109068,110.08009
13.531616,110.08009
13.531616,110.65885
13.142164,110.65885
13.142164,65.43056
12.93265,65.43056
12.93265,65.67533
12.745502,65.67533
12.745502,42.70431
5.655377,13.050077
5.8621593,13.2519
5.87666,13.253192
5.8869014,13.263616
5.8907022,13.265862
5.897336,13.29077
1.1742746,0.83215904
1.1835556,0.88821304
1.1894048,0.8899795
1.230664,0.92938006
1.4313682,0.9321413
1.8665252,7.463796
1.9440565,9.159001
2.4998999,15.901363
2.5782294,16.65127
3.7141705,17.773518
3.742034,18.954063
5.2206964,19.074268
5.484339,20.053997
7.5144453,21.631302
7.639559,22.258537
10.0265875,31.874935
11.235366,32.25499
12.750888,49.702736
13.115541,49.870342
14.072863,71.82163
14.163224,71.84056
14.793415,92.74246
14.988174,92.79758
15.022397,111.90998
15.087269,112.73085
15.296985,122.6625
15.583963,124.08951
17.624352,124.17396
17.729645,124.84828
19.775362,131.61214
19.806717,131.98683
22.218739,141.33134
22.511362,141.67259
22.649733,141.71216
22.684212,141.71216
22.799173,155.77103
22.832962,155.77179
22.842419,155.79572
22.851536,155.79572
22.859821,155.80888
22.902254,155.80888
22.650322,155.80888
22.650322,155.80487
22.617025,155.80487
22.617025,155.79863
22.617537,155.79863
22.617537,155.80069
22.621492,155.80069
22.621492,155.78545
22.604033,155.78545
22.604033,155.79414
22.580523,155.79414
22.580523,155.77307
22.549637,155.77307
22.549637,155.78009
22.511911,155.78009
22.511911,155.74037
22.518854,155.74037
22.518854,155.75662
22.535137,155.75662
22.535137,155.75189
22.538633,155.75189
22.538633,155.75581
22.592257,155.75581
22.592257,155.75542
22.61625,155.75542
22.61625,155.79991
22.609983,155.79991
22.609983,155.79012
22.638428,155.79012
22.638428,155.97646
22.615501,155.97646
22.615501,155.40968
22.409746,155.40968
22.409746,155.42116
22.07129,155.42116
22.07129,155.27397
22.086882,155.27397
22.086882,155.27156
22.080423,155.27156
22.080423,155.2155
22.07881,155.2155
22.07881,155.21687
22.044096,155.21687
22.044096,155.17747
21.844694,155.17747
21.844694,155.18077
21.444672,155.18077
21.444672,148.64912
21.409199,148.64912
21.409199,146.95749
20.867203,146.95749
20.867203,140.21512
20.80436,140.21512
20.80436,139.46901
19.68787,139.46901
19.68787,138.34676
19.668198,138.34676
19.668198,137.17053
18.190521,137.17053
18.190521,137.05032
17.927504,137.05032
17.927504,136.08156
15.928471,136.08156
15.928471,134.50424
15.838109,134.50424
15.838109,133.87935
13.472529,133.87935
13.472529,124.26299
12.273313,124.26299
12.273313,123.88522
10.769543,123.88522
10.769543,106.43748
10.417781,106.43748
10.417781,106.27014
9.470911,106.27014
9.470911,84.31886
9.391395,84.31886
9.391395,84.30209
8.764633,84.30209
8.764633,63.400173
8.571084,63.400173
8.571084,63.345406
8.538589,63.345406
8.538589,44.233
8.475571,44.233
8.475571,43.41705
8.265892,43.41705
8.265892,33.4854
7.9802012,33.4854
7.9802012,32.059494
5.9851046,32.059494
5.9851046,31.975044
5.8891234,31.975044
5.8891234,31.301027
3.855236,31.301027
3.855236,24.537172
3.8346124,24.537172
3.8346124,24.167555
1.4378177,24.167555
1.4378177,14.823036
1.1556532,14.823036
1.1556532,14.482721
1.0323514,14.482721
1.0323514,14.443159
1.0166314,14.443159
1.0166314,14.452005
0.9056859,14.452005
0.9056859,0.39314595
0.8744097,0.39314595
0.8744097,0.39881375
0.86971015,0.39881375
0.86971015,0.3748838
0.8750313,0.3748838
0.8750313,0.3905519
0.89178073,0.3905519
0.89178073,0.37738243
0.89001036,0.37738243
0.89001036,0.41207135
0.96170634,0.41207135
0.96170634,0.4060755
1.0561426,0.4060755
1.0561426,0.4490763
1.0530671,0.4490763
1.0530671,0.44883683
1.0418034,0.44883683
1.0418034,0.45080912
1.035599,0.45080912
1.035599,0.44105974
1.0360767,0.44105974
1.0360767,0.44812307
1.0279846,0.44812307
1.0279846,0.44110283
1.0372497,0.44110283
1.0372497,0.44188228
1.0400525,0.44188228
1.0400525,0.42562804
1.0363796,0.42562804
1.0363796,0.43572596
1.0582012,0.43572596
1.0582012,0.43641397
1.0290583,0.43641397
1.0290583,0.44073564
0.9954072,0.44073564
0.9954072,0.39623487
0.9961713,0.39623487
0.9961713,0.39937133
0.9673921,0.39937133
0.9673921,0.21302566
0.9557781,0.21302566
0.9557781,0.2138391
0.96448356,0.2138391
0.96448356,0.19875376
0.9605179,0.19875376
0.9605179,0.20002697
0.9456227,0.20002697
0.9456227,0.19937995
0.94563335,0.19937995
0.94563335,0.20750993
0.94292223,0.20750993
0.94292223,0.20435992
0.97554183,0.20435992
0.97554183,0.20641293
1.2276495,0.20641293
1.2276495,0.20195016
1.9381464,0.20195016
1.9381464,3.4912395
1.9233452,3.4912395
1.9233452,3.7771184
2.4422176,3.7771184
2.4422176,22.655323
3.5716577,22.655323
3.5716577,22.867012
4.325342,22.867012
4.325342,25.309242
5.8303823,25.309242
5.8303823,25.36619
6.2412143,25.36619
6.2412143,27.243317
6.405198,27.243317
6.405198,27.243423
6.850728,27.243423
6.850728,29.04297
7.667739,29.04297
7.667739,29.042227
8.076966,29.042227
8.076966,29.863762
8.108577,29.863762
8.108577,29.871641
8.168904,29.871641
8.168904,30.039206
8.173323,30.039206
8.173323,30.038937
8.173019,30.038937
8.173019,30.070213
8.166257,30.070213
8.166257,30.068056
8.1713505,30.068056
8.1713505,30.07367
8.173781,30.07367
8.173781,30.074938
8.189175,30.074938
8.189175,30.098972
8.202214,30.098972
8.202214,30.094051
8.206909,30.094051
8.206909,30.115618
8.2175455,30.115618
8.2175455,30.11452
8.196792,30.11452
8.196792,30.127142
8.206297,30.127142
8.206297,30.126835
8.22245,30.126835
8.22245,30.128996
8.280905,30.128996
8.280905,30.123919
8.310716,30.123919
8.310716,30.155231
8.3022785,30.155231
8.3022785,30.156519
8.293913,30.156519
8.293913,30.165543
8.280471,30.165543
8.280471,30.156694
8.286536,30.156694
8.286536,30.18171
8.294123,30.18171
8.294123,30.17649
8.569926,30.17649
8.569926,32.579487
9.137617,32.579487
9.137617,32.68286
9.562069,32.68286
9.562069,32.68838
9.567441,32.68838
9.567441,32.65479
9.82599,32.65479
9.82599,37.63107
11.215956,37.63107
11.215956,37.677402
16.238768,37.677402
16.238768,38.597206
16.6454,38.597206
16.6454,38.68776
18.720488,38.68776
18.720488,43.31971
21.555374,43.31971
21.555374,43.86404
23.888416,43.86404
23.888416,48.734917
24.929466,48.734917
24.929466,48.786373
25.336617,48.786373
25.336617,49.143368
25.397566,49.143368
25.397566,49.139088
25.428617,49.139088
25.428617,49.22719
25.424185,49.22719
25.424185,49.222866
25.417923,49.222866
25.417923,49.227566
25.417778,49.227566
25.417778,49.224426
25.41962,49.224426
25.41962,49.22567
25.422626,49.22567
25.422626,49.224857
25.415127,49.224857
25.415127,49.225452
25.41644,49.225452
25.41644,49.22418
25.434473,49.22418
25.434473,49.240406
25.472347,49.240406
25.472347,49.232277
25.514427,49.232277
25.514427,49.25927
25.483168,49.25927
25.483168,49.257217
25.233793,49.257217
25.233793,49.26303
24.513123,49.26303
24.513123,45.974983
24.49969,45.974983
24.49969,45.706608
23.967827,45.706608
23.967827,26.828402
22.828941,26.828402
22.828941,26.613094
22.07764,26.613094
22.07764,24.170864
20.566109,24.170864
20.566109,24.1211
20.159357,24.1211
20.159357,22.243973
20.00899,22.243973
20.00899,22.244896
19.55388,22.244896
19.55388,20.445349
18.716764,20.445349
18.716764,20.464424
18.292667,20.464424
18.292667,19.64289
18.667667,19.64289
18.667667,54.234505
19.474487,54.234505
19.474487,56.399673
20.364588,56.399673
20.364588,145.18208
21.072664,145.18208
21.072664,147.09111
22.262861,147.09111
22.262861,243.53033
23.50955,243.53033
23.50955,247.35683
24.320593,247.35683
24.320593,328.488
26.688879,328.488
26.688879,330.07513
29.6177,330.07513
29.6177,398.52005
29.767847,398.52005
29.767847,401.48312
29.886257,401.48312
29.886257,449.85168
30.54539,449.85168
30.54539,450.4192
31.161118,450.4192
31.161118,499.5488
31.361624,499.5488
31.361624,500.6616
31.34309,500.6616
31.34309,514.27783
31.320337,514.27783
31.320337,514.2465
31.324488,514.2465
31.324488,514.26855
31.342505,514.26855
31.342505,514.2595
31.35297,514.2595
31.35297,514.26587
31.360538,514.26587
31.360538,514.2411
31.365005,514.2411
31.365005,514.24023
31.085083,514.24023
31.085083,511.83722
30.504086,511.83722
30.504086,511.71982
30.055578,511.71982
30.055578,511.7143
30.010496,511.7143
30.010496,511.71484
29.641571,511.71484
29.641571,506.73856
28.159512,506.73856
28.159512,506.65094
23.144245,506.65094
23.144245,505.7293
22.743443,505.7293
22.743443,505.64047
20.672163,505.64047
20.672163,501.0085
17.847834,501.0085
17.847834,500.45694
15.516655,500.45694
15.516655,495.58606
14.466601,495.58606
14.466601,495.53473
14.050843,495.53473
14.050843,495.17773
13.973781,495.17773
13.973781,495.16995
13.937659,495.16995
13.937659,495.07724
13.938181,495.07724
13.938181,495.08893
13.93428,495.08893
13.93428,495.08423
13.929246,495.08423
13.929246,495.09552
13.928296,495.09552
13.928296,495.09427
13.929019,495.09427
13.929019,495.10178
13.928252,495.10178
13.928252,495.1012
13.918901,495.1012
13.918901,495.10175
13.91279,495.10175
13.91279,495.0855
13.877828,495.0855
13.877828,495.08905
13.843939,495.08905
13.843939,495.06204
13.8421,495.06204
13.8421,495.06238
13.84439,495.06238
13.84439,495.055
13.82598,495.055
13.82598,495.06232
13.821343,495.06232
13.821343,495.04138
13.824182,495.04138
13.824182,495.0416
13.831295,495.0416
13.831295,495.04138
13.829039,495.04138
13.829039,495.04398
13.846022,495.04398
13.846022,495.0325
13.85182,495.0325
13.85182,495.03638
13.855214,495.03638
13.855214,495.02438
13.869485,495.02438
13.869485,495.03296
13.875323,495.03296
13.875323,495.0123
13.879619,495.0123
13.879619,495.0278
13.463563,495.0278
13.463563,460.42603
12.58518,460.42603
12.58518,458.0943
11.679427,458.0943
11.679427,369.3119
10.963077,369.3119
10.963077,367.3725
9.8019085,367.3725
9.8019085,270.93457
8.587518,270.93457
8.587518,267.10495
7.7741966,267.10495
7.7741966,185.97209
5.3941183,185.97209
5.3941183,184.3792
2.4565217,184.3792
2.4565217,115.93429
2.3114498,115.93429
2.3114498,112.96892
2.184998,112.96892
2.184998,64.60035
1.5033199,64.60035
1.5033199,64.03318
0.87015647,64.03318
0.87015647,14.904915
0.64489716,14.904915
0.64489716,13.79799
0.5961622,13.79799
0.5961622,0.18176201
0.5879476,0.18176201
0.5879476,0.18635568
0.5997544,0.18635568
0.5997544,0.16206677
0.9781073,0.16206677
0.9781073,11.9603615
1.5803634,11.9603615
1.5803634,11.974858
2.0656655,11.974858
2.0656655,47.593513
2.1918328,47.593513
2.1918328,47.64601
3.0568929,47.64601
3.0568929,70.51797
3.390471,70.51797
3.390471,70.58063
3.5188975,70.58063
3.5188975,90.55895
3.5533419,90.55895
3.5533419,90.65119
3.5953677,90.65119
3.5953677,91.15952
3.59326,91.15952
3.59326,91.15781
3.5879211,91.15781
3.5879211,91.17803
3.582474,91.17803
3.582474,91.17434
3.579385,91.17434
3.579385,91.1773
3.5689454,91.1773
3.5689454,91.1768
3.5630674,91.1768
3.5630674,91.18988
3.5627615,91.18988
3.5627615,91.18899
3.554825,91.18899
3.554825,91.19977
3.5625687,91.19977
3.5625687,91.199135
3.5374804,91.199135
3.5374804,91.20209
3.5356464,91.20209
3.5356464,91.1904
3.547411,91.1904
3.547411,91.20388
3.5473082,91.20388
3.5473082,91.1926
3.543655,91.1926
3.543655,91.194084
3.5556931,91.194084
3.5556931,91.18659
3.576456,91.18659
3.576456,91.19408
3.6049094,91.19408
3.6049094,91.19353
3.61311,91.19353
3.61311,91.19448
3.6095366,91.19448
3.6095366,91.19093
3.6054826,91.19093
3.6054826,91.195595
3.6052864,91.195595
3.6052864,91.1954
3.656974,91.1954
3.656974,91.408104
3.6565895,91.408104
3.6565895,91.870026
3.6670787,91.870026
3.6670787,96.53399
3.7742095,96.53399
3.7742095,96.53607
3.775028,96.53607
3.775028,96.71621
3.978534,96.71621
3.978534,96.718155
4.246705,96.718155
4.246705,97.170296
4.29021,97.170296
4.29021,97.17375
4.3103547,97.17375
4.3103547,97.31121
4.286929,97.31121
4.286929,97.30262
4.3164897,97.30262
4.3164897,97.35912
4.4192085,97.35912
4.4192085,97.344826
4.43778,97.344826
4.43778,97.34821
4.4488916,97.34821
4.4488916,97.34736
4.4876986,97.34736
4.4876986,97.37767
4.4991255,97.37767
4.4991255,97.377075
4.481077,97.377075
4.481077,97.432625
4.502276,97.432625
4.502276,97.434975
4.518136,97.434975
4.518136,97.489655
4.5166883,97.489655
4.5166883,97.47313
4.5168447,97.47313
4.5168447,97.48428
4.526975,97.48428
4.526975,97.465004
4.532994,97.465004
4.532994,97.77539
4.6753464,97.77539
4.6753464,97.902855
5.537259,97.902855
5.537259,98.24647
6.24075,98.24647
6.24075,98.26767
6.323492,98.26767
6.323492,98.318184
6.673752,98.318184
6.673752,98.34197
6.773666,98.34197
6.773666,98.43748
6.380075,98.43748
6.380075,86.64427
5.766591,86.64427
5.766591,86.633385
5.3236413,86.633385
5.3236413,51.014473
5.2671204,51.014473
5.2671204,50.987614
4.426316,50.987614
4.426316,28.119617
4.1231127,28.119617
4.1231127,28.132677
4.013967,28.132677
4.013967,8.154355
3.989904,8.154355
3.989904,8.098176
3.950787,8.098176
3.950787,7.5916834
3.964798,7.5916834
3.964798,7.921355
3.982049,7.921355
3.982049,7.9058485
3.9777205,7.9058485
3.9777205,8.034452
4.001434,8.034452
4.001434,8.036804
4.0219364,8.036804
4.0219364,8.055967
4.019203,8.055967
4.019203,8.042891
4.2528405,8.042891
4.2528405,8.550191
4.270729,8.550191
4.270729,8.697877
4.6387076,8.697877
4.6387076,13.450221
6.37945,13.450221
6.37945,13.672632
8.87842,13.672632
8.87842,13.924106
9.411032,13.924106
9.411032,13.928031
9.553683,13.928031
9.553683,14.00815
9.59211,14.00815
9.59211,14.007487
9.80096,14.007487
9.80096,15.402432
10.072243,15.402432
10.072243,15.413622
10.2447,15.413622
10.2447,17.434858
10.689889,17.434858
10.689889,17.455145
10.773412,17.455145
10.773412,18.680767
10.863297,18.680767
10.863297,18.705835
10.878412,18.705835
10.878412,18.890331
10.822187,18.890331
10.822187,18.67888
10.847801,18.67888
10.847801,18.227415
10.838366,18.227415
10.838366,13.576035
11.298165,13.576035
11.298165,14.133441
11.568581,14.133441
11.568581,14.2365
11.940432,14.2365
11.940432,15.758611
11.766755,15.758611
11.766755,15.352832
12.0836935,15.352832
12.0836935,16.323914
12.145498,16.323914
12.145498,16.219017
12.141189,16.219017
12.141189,16.222464
12.095175,16.222464
12.095175,16.19384
12.013817,16.19384
12.013817,16.198734
12.125543,16.198734
12.125543,16.2058
12.294115,16.2058
12.294115,16.286198
12.294095,16.286198
12.294095,16.26107
12.295406,16.26107
12.295406,16.302176
12.387914,16.302176
12.387914,16.271036
12.350333,16.271036
12.350333,16.510197
12.466703,16.510197
12.466703,16.47224
12.8236,16.47224
12.8236,16.74751
12.922833,16.74751
12.922833,16.736736
12.966207,16.736736
12.966207,16.76046
13.013417,16.76046
13.013417,16.453773
12.990825,16.453773
12.990825,16.405245
12.137378,16.405245
12.137378,16.077496
11.446589,16.077496
11.446589,16.049313
11.363439,16.049313
11.363439,16.004944
11.0150175,16.004944
11.0150175,15.986022
11.471908,15.986022
11.471908,16.282866
12.779757,16.282866
12.779757,17.039621
13.572693,17.039621
13.572693,17.733568
13.781277,17.733568
13.781277,18.184616
13.705047,18.184616
13.705047,18.165134
13.699069,18.165134
13.699069,18.404438
13.684986,18.404438
13.684986,18.327106
13.689113,18.327106
13.689113,18.355156
13.72995,18.355156
13.72995,18.324718
13.803285,18.324718
13.803285,18.59449
13.804195,18.59449
13.804195,18.264902
13.84177,18.264902
13.84177,18.285042
13.864421,18.285042
13.864421,18.158619
13.875821,18.158619
13.875821,18.452728
13.864167,18.452728
13.864167,18.436592
13.911749,18.436592
13.911749,18.50586
13.68129,18.50586
13.68129,18.003191
13.788569,18.003191
13.788569,17.975817
13.494636,17.975817
13.494636,13.239177
12.651604,13.239177
12.651604,13.355805
10.923021,13.355805
10.923021,13.104339
11.35879,13.104339
11.35879,13.192847
11.632525,13.192847
11.632525,13.12397
13.147222,13.12397
13.147222,15.561941
13.095477,15.561941
13.095477,14.263467
14.058234,14.263467
14.058234,17.599957
13.928988,17.599957
13.928988,15.59865
13.602451,15.59865
13.602451,16.161905
13.541317,16.161905
13.541317,14.93756
13.511379,14.93756
13.511379,15.3999
13.540029,15.3999
13.540029,15.374222
13.663009,15.374222
13.663009,16.06464
13.749018,16.06464
13.749018,16.060568
13.790851,16.060568
13.790851,16.397419
13.331366,16.397419
13.331366,15.841996
13.178101,15.841996
13.178101,15.59222
12.589091,15.59222
12.589091,14.0697155
12.525004,14.0697155
12.525004,14.042194
12.249052,14.042194
12.249052,13.181465
12.197178,13.181465
12.197178,13.263796
12.200542,13.263796
12.200542,13.261425
12.198919,13.261425
12.198919,13.245463
13.783547,13.245463
13.783547,14.989666
16.655455,14.989666
16.655455,16.302391
16.675173,16.302391
16.675173,16.297565
16.728455,16.297565
16.728455,16.330032
16.717249,16.330032
16.717249,16.300419
16.614298,16.300419
16.614298,16.347322
16.620163,16.347322
16.620163,16.110483
16.592703,16.110483
16.592703,16.112947
16.30796,16.112947
16.30796,15.835946
16.25356,15.835946
16.25356,15.90054
16.230854,15.90054
16.230854,15.881357
16.248917,15.881357
16.248917,15.897157
16.134111,15.897157
16.134111,15.805967
16.136784,15.805967
16.136784,15.811821
16.144564,15.811821
16.144564,15.812982
16.149895,15.812982
16.149895,15.82259
16.188723,15.82259
16.188723,15.817953
15.740742,15.817953
15.740742,15.811089
14.468732,15.811089
14.468732,15.055098
13.754602,15.055098
13.754602,14.443577
13.521852,14.443577
13.521852,13.995493
14.049223,13.995493
14.049223,14.270829
14.237753,14.270829
14.237753,14.224896
14.6834345,14.224896
14.6834345,14.981795
14.897417,14.981795
14.897417,14.971356
15.066598,14.971356
15.066598,14.979547
15.025034,14.979547
15.025034,14.70794
15.013512,14.70794
15.013512,14.910382
14.966334,14.910382
14.966334,14.892158
14.983845,14.892158
14.983845,14.961675
14.947703,14.961675
14.947703,14.662253
15.194596,14.662253
15.194596,14.917028
16.488901,14.917028
16.488901,15.371468
18.600136,15.371468
18.600136,15.47645
22.001709,15.47645
22.001709,16.0673
23.284603,16.0673
23.284603,17.007711
26.791496,17.007711
26.791496,16.846453
26.642723,16.846453
26.642723,17.50663
25.698555,17.50663
25.698555,17.400713
25.293936,17.400713
25.293936,17.427376
23.747261,17.427376
23.747261,14.988879
23.853956,14.988879
23.853956,17.146574
24.399805,17.146574
24.399805,13.91495
26.617565,13.91495
26.617565,16.338057
26.503895,16.338057
26.503895,15.772595
27.077135,15.772595
27.077135,16.738007
30.944063,16.738007
30.944063,16.742321
40.591934,16.742321
40.591934,58.414577
92.8487,58.414577
92.8487,77.019295
243.11893,77.019295
243.11893,137.85693
251.38512,137.85693
251.38512,138.2142
255.75194,138.2142
255.75194,143.93631
255.66252,143.93631
255.66252,143.91241
255.66725,143.91241
255.66725,144.4263
258.22818,144.4263
258.22818,144.56416
259.98798,144.56416
259.98798,145.51364
260.20233,145.51364
260.20233,145.43129
260.695,145.43129
260.695,145.90665
260.75314,145.90665
260.75314,145.9016
259.2568,145.9016
259.2568,144.4516
256.27148,144.4516
256.27148,143.13649
256.09894,143.13649
256.09894,143.29056
256.04907,143.29056
256.04907,143.25653
256.06897,143.25653
256.06897,143.24565
256.08167,143.24565
256.08167,143.17303
256.08777,143.17303
256.08777,144.1664
256.0047,144.1664
256.0047,144.15019
255.97949,144.15019
255.97949,144.65085
255.95522,144.65085
255.95522,144.58737
256.1085,144.58737
256.1085,144.61871
256.3766,144.61871
256.3766,144.94833
258.97025,144.94833
258.97025,146.50624
259.08557,146.50624
259.08557,146.52638
259.16098,146.52638
259.16098,147.36652
259.16995,147.36652
259.16995,147.36435
259.12433,147.36435
259.12433,147.43706
259.02484,147.43706
259.02484,147.05293
259.00256,147.05293
259.00256,147.10892
258.93408,147.10892
258.93408,147.0186
258.9141,147.0186
258.9141,147.0206
258.3868,147.0206
258.3868,146.73947
258.23132,146.73947
258.23132,146.54874
257.78006,146.54874
257.78006,145.79184
257.56213,145.79184
257.56213,145.78738
257.36063,145.78738
257.36063,145.77191
257.32593,145.77191
257.32593,145.77742
257.3178,145.77742
257.3178,145.5749
257.30914,145.5749
257.30914,145.57564
257.32864,145.57564
257.32864,145.50394
257.3654,145.50394
257.3654,145.52617
257.114,145.52617
257.114,145.26837
255.77739,145.26837
255.77739,144.75089
253.6666,144.75089
253.6666,144.64127
250.14246,144.64127
250.14246,143.92209
248.77939,143.92209
248.77939,142.96597
244.37454,142.96597
244.37454,142.78703
243.73624,142.78703
243.73624,142.12685
243.70045,142.12685
243.70045,142.12712
243.70007,142.12712
243.70007,142.08922
243.70467,142.08922
243.70467,142.08896
243.42682,142.08896
243.42682,139.8348
241.62688,139.8348
241.62688,139.71252
239.3354,139.71252
239.3354,137.26949
239.30626,137.26949
239.30626,137.25249
238.72092,137.25249
238.72092,136.2858
234.79214,136.2858
234.79214,135.79408
225.09868,135.79408
225.09868,93.96282
172.72133,93.96282
172.72133,74.668915
22.348015,74.668915
22.348015,13.816363
14.05421,13.816363
14.05421,13.120122
9.596164,13.120122
9.596164,7.3937526
9.587027,7.3937526
9.587027,7.398297
9.578095,7.398297
9.578095,6.8802757
6.9847836,6.8802757
6.9847836,6.726651
5.1482596,6.726651
5.1482596,5.6594944
4.8979716,5.6594944
4.8979716,5.634425
4.403235,5.634425
4.403235,5.157995
4.348486,5.157995
4.348486,5.1553683
4.2361984,5.1553683
4.2361984,4.855062
4.2273083,4.855062
4.2273083,4.8472443
4.325941,4.8472443
4.325941,4.94683
4.449876,4.94683
4.449876,5.2543006
4.4725804,5.2543006
4.4725804,5.253386
4.5018826,5.253386
4.5018826,5.2758803
4.5655737,5.2758803
4.5655737,4.2778206
4.7076535,4.2778206
4.7076535,4.304246
4.698096,4.304246
4.698096,3.8098617
4.8127112,3.8098617
4.8127112,4.383175
4.6565332,4.383175
4.6565332,4.3511214
174.20671,910.0493
174.29524,910.11755
174.70183,910.3348
176.06122,914.9658
178.0673,915.332
180.73209,938.2699
181.10664,938.7389
181.39305,994.8303
181.79836,994.83105
